0 1
1 -1
2 -1
3 0
4 0
5 0
6 1
7 1
8 -3
9 5
10 -1
11 7
12 3
13 -8
14 -11
15 -5
16 -4
17 -4
18 21
19 -23
20 1
21 16
22 38
23 34
24 27
25 -49
26 -61
27 -25
28 -45
29 50
30 -19
31 -61
32 -66
33 170
34 137
35 240
36 50
37 -225
38 -262
39 -186
40 81
41 -70
42 -35
43 -478
44 110
45 474
46 930
47 773
48 83
49 -857
50 -1104
51 -66
52 -196
53 -93
54 -1111
55 -850
56 -76
57 2654
58 3081
59 2389
60 -433
61 -3140
62 -1986
63 -1081
64 -45
65 -2679
66 -2404
67 -3845
68 2839
69 8420
70 9910
71 5258
72 -3195
73 -6152
74 -6615
75 -1413
76 -5207
77 -6406
78 -11918
79 -4095
80 10841
81 26616
82 23991
83 9421
84 -5358
85 -17798
86 -12261
87 -13437
88 -12299
89 -31180
90 -21624
91 -3100
92 41940
93 65340
94 53165
95 26399
96 -19372
97 -32472
98 -45099
99 -30817
100 -65427
