0 1
1 1
2 -2
3 3
4 -3
5 3
6 -5
7 7
8 -6
9 6
10 -10
11 12
12 -11
13 13
14 -17
15 20
16 -21
17 21
18 -27
19 34
20 -33
21 36
22 -46
23 51
24 -53
25 58
26 -68
27 78
28 -82
29 89
30 -104
31 118
32 -123
33 131
34 -154
35 171
36 -179
37 197
38 -221
39 245
40 -262
41 279
42 -314
43 349
44 -369
45 398
46 -446
47 486
48 -515
49 557
50 -614
51 671
52 -715
53 767
54 -845
55 920
56 -977
57 1046
58 -1148
59 1244
60 -1321
61 1421
62 -1544
63 1667
64 -1778
65 1898
66 -2060
67 2225
68 -2361
69 2525
70 -2736
71 2937
72 -3121
73 3333
74 -3592
75 3856
76 -4097
77 4367
78 -4696
79 5034
80 -5340
81 5683
82 -6105
83 6521
84 -6916
85 7365
86 -7882
87 8409
88 -8919
89 9473
90 -10123
91 10795
92 -11429
93 12133
94 -12952
95 13775
96 -14580
97 15466
98 -16468
99 17503
100 -18520
